n = [0,1,2,3,4]

n =

     0     1     2     3     4

b = [1,2,3,4,5]

b =

     1     2     3     4     5

crt(n, b)

ans =

entry in n cannot be 0!

n = [1,3,5,7,9]

n =

     1     3     5     7     9

b = [1,2,3,4,5]

b =

     1     2     3     4     5

crt(n, b)

ans =

entries in n are not pairwise relatively prime!

n = [11,19,37,35,31]

n =

    11    19    37    35    31

b = [2,3,4,5,6]

b =

     2     3     4     5     6

crt(n, b)

ans =

      754360

mod(754360-2,11)

ans =

     0

mod(754360-3,19)

ans =

     0

mod(754360-4,37)

ans =

     0

mod(754360-5,35)

ans =

     0

mod(754360-6,31)

ans =

     0

n = [1,3,5,7,11]

n =

     1     3     5     7    11

b = [1,3,7,5,9]

b =

     1     3     7     5     9

crt(n, b)

ans =

   537

mod(537-1,1)

ans =

     0

mod(537-3,3)

ans =

     0

mod(537-7,5)

ans =

     0

mod(537-5,7)

ans =

     0

mod(537-9,11)

ans =

     0

n = [1,2,3,5,7,11,19,23]

n =

     1     2     3     5     7    11    19    23

b = [1,1,1,1,1,1,1,1]

b =

     1     1     1     1     1     1     1     1

crt(n, b)

ans =

     1

b = [1,2,3,4,5,6,7,8]

b =

     1     2     3     4     5     6     7     8

crt(n, b)

ans =

      883944


mod(883944-1,1)

ans =

     0

mod(883944-2,2)

ans =

     0

mod(883944-3,3)

ans =

     0

mod(883944-5,4)

ans =

     3

mod(883944-4,5)

ans =

     0

mod(883944-5,7)

ans =

     0

mod(883944-6,11)

ans =

     0

mod(883944-7,19)

ans =

     0

mod(883944-8,23)

ans =

     0

n = [1,2,3,5,7,11,13,17]

n =

     1     2     3     5     7    11    13    17

b = [3,3,3,3,3,3,3,3]

b =

     3     3     3     3     3     3     3     3

crt(n, b)

ans =

     3

n = [1,2,3,5,7,11,13,17]

n =

     1     2     3     5     7    11    13    17

b = [3,3,4,3,3,3,3,3]

b =

     3     3     4     3     3     3     3     3

crt(n, b)

ans =

      170173

mod(170173-3,1)

ans =

     0

mod(170173-3,2)

ans =

     0

mod(170173-4,3)

ans =

     0

mod(170173-3,5)

ans =

     0

mod(170173-3,7)

ans =

     0

mod(170173-3,11)

ans =

     0

mod(170173-3,13)

ans =

     0

mod(170173-3,17)

ans =

     0

diary off
diary('problem3_diary.txt')
