rz(10000000)

ans =

    1.6449

diary off
