squareroots(17,19,59)

ans =

   500   146   975   621

n = factor(9353881)

n =

        2999        3119

squareroots(6245706,n(1),n(2))

ans =

     1443540     1234567     8119314     7910341

diary off
