solversa(8439833,5711029,62472)

ans =

     2345678

fastexp(2345678, 8439833, 5711029)

ans =

       62472

diary off

